77 0 AP890103-0219 0
77 0 AP890105-0047 0
77 0 AP890106-0206 0
77 0 AP890107-0074 1
77 0 AP890108-0031 1
77 0 AP890109-0316 0
77 0 AP890111-0068 0
77 0 AP890113-0111 0
77 0 AP890113-0113 0
77 0 AP890114-0051 0
77 0 AP890114-0107 0
77 0 AP890114-0122 0
77 0 AP890118-0279 0
77 0 AP890119-0147 0
77 0 AP890119-0313 0
77 0 AP890120-0029 0
77 0 AP890122-0052 0
77 0 AP890123-0327 0
77 0 AP890124-0205 1
77 0 AP890125-0071 1
77 0 AP890125-0170 0
77 0 AP890126-0128 0
77 0 AP890127-0235 0
77 0 AP890127-0286 0
77 0 AP890131-0103 0
77 0 AP890131-0128 0
77 0 AP890202-0024 0
77 0 AP890203-0123 0
77 0 AP890208-0028 0
77 0 AP890208-0121 0
77 0 AP890210-0030 0
77 0 AP890210-0255 0
77 0 AP890211-0095 1
77 0 AP890214-0113 0
77 0 AP890214-0181 0
77 0 AP890215-0028 0
77 0 AP890216-0117 0
77 0 AP890216-0124 0
77 0 AP890216-0181 0
77 0 AP890217-0070 0
77 0 AP890221-0231 1
77 0 AP890223-0235 0
77 0 AP890223-0307 0
77 0 AP890224-0041 0
77 0 AP890227-0004 1
77 0 AP890227-0052 0
77 0 AP890227-0307 0
77 0 AP890228-0155 0
77 0 AP890301-0008 0
77 0 AP890302-0042 0
77 0 AP890302-0247 0
77 0 AP890307-0226 0
77 0 AP890308-0040 1
77 0 AP890308-0262 0
77 0 AP890310-0025 0
77 0 AP890312-0027 0
77 0 AP890313-0018 0
77 0 AP890313-0166 0
77 0 AP890313-0195 0
77 0 AP890316-0209 0
77 0 AP890316-0290 0
77 0 AP890317-0013 0
77 0 AP890318-0163 0
77 0 AP890319-0058 0
77 0 AP890319-0065 1
77 0 AP890320-0208 0
77 0 AP890321-0005 0
77 0 AP890322-0271 1
77 0 AP890322-0302 0
77 0 AP890324-0002 0
77 0 AP890324-0074 0
77 0 AP890325-0057 1
77 0 AP890325-0143 0
77 0 AP890327-0238 0
77 0 AP890328-0094 0
77 0 AP890330-0041 0
77 0 AP890330-0074 0
77 0 AP890401-0071 0
77 0 AP890403-0010 0
77 0 AP890404-0075 0
77 0 AP890405-0162 0
77 0 AP890405-0266 0
77 0 AP890406-0135 1
77 0 AP890406-0195 0
77 0 AP890407-0143 0
77 0 AP890407-0269 0
77 0 AP890408-0035 0
77 0 AP890408-0063 0
77 0 AP890410-0204 0
77 0 AP890410-0215 0
77 0 AP890411-0041 0
77 0 AP890411-0042 0
77 0 AP890411-0201 0
77 0 AP890414-0255 0
77 0 AP890416-0044 0
77 0 AP890417-0277 0
77 0 AP890418-0108 0
77 0 AP890418-0147 0
77 0 AP890418-0276 0
77 0 AP890419-0104 0
77 0 AP890419-0211 0
77 0 AP890420-0014 0
77 0 AP890420-0028 0
77 0 AP890420-0083 0
77 0 AP890420-0156 1
77 0 AP890420-0212 0
77 0 AP890421-0017 0
77 0 AP890421-0043 1
77 0 AP890421-0122 1
77 0 AP890423-0071 0
77 0 AP890424-0009 0
77 0 AP890424-0011 0
77 0 AP890424-0225 1
77 0 AP890424-0256 0
77 0 AP890424-0257 0
77 0 AP890424-0289 0
77 0 AP890425-0110 1
77 0 AP890425-0112 0
77 0 AP890425-0143 0
77 0 AP890426-0173 0
77 0 AP890427-0120 0
77 0 AP890427-0151 0
77 0 AP890429-0087 0
77 0 AP890501-0108 1
77 0 AP890501-0118 0
77 0 AP890501-0239 0
77 0 AP890502-0159 0
77 0 AP890503-0193 0
77 0 AP890503-0226 0
77 0 AP890504-0038 1
77 0 AP890504-0089 0
77 0 AP890504-0184 0
77 0 AP890506-0002 0
77 0 AP890506-0015 0
77 0 AP890506-0070 0
77 0 AP890508-0037 0
77 0 AP890508-0135 0
77 0 AP890509-0116 0
77 0 AP890510-0031 0
77 0 AP890510-0115 0
77 0 AP890510-0134 0
77 0 AP890510-0238 0
77 0 AP890511-0033 1
77 0 AP890511-0200 1
77 0 AP890512-0288 0
77 0 AP890515-0168 1
77 0 AP890515-0251 0
77 0 AP890516-0016 0
77 0 AP890516-0139 0
77 0 AP890517-0015 0
77 0 AP890518-0009 1
77 0 AP890523-0165 0
77 0 AP890523-0219 0
77 0 AP890526-0130 0
77 0 AP890526-0209 0
77 0 AP890530-0009 0
77 0 AP890530-0135 0
77 0 AP890531-0142 0
77 0 AP890601-0142 1
77 0 AP890601-0206 1
77 0 AP890601-0367 0
77 0 AP890604-0024 1
77 0 AP890605-0037 0
77 0 AP890607-0171 0
77 0 AP890608-0092 0
77 0 AP890608-0144 0
77 0 AP890608-0220 0
77 0 AP890609-0203 1
77 0 AP890612-0074 0
77 0 AP890612-0107 0
77 0 AP890612-0222 0
77 0 AP890613-0093 1
77 0 AP890614-0072 1
77 0 AP890615-0115 0
77 0 AP890615-0141 0
77 0 AP890615-0196 1
77 0 AP890615-0215 0
77 0 AP890616-0003 0
77 0 AP890616-0059 0
77 0 AP890616-0138 1
77 0 AP890619-0079 0
77 0 AP890619-0174 0
77 0 AP890619-0215 0
77 0 AP890620-0062 0
77 0 AP890620-0118 0
77 0 AP890621-0007 1
77 0 AP890622-0101 1
77 0 AP890623-0230 0
77 0 AP890624-0022 0
77 0 AP890624-0096 0
77 0 AP890629-0077 0
77 0 AP890629-0135 0
77 0 AP890629-0211 1
77 0 AP890707-0045 0
77 0 AP890707-0116 0
77 0 AP890708-0001 0
77 0 AP890708-0126 1
77 0 AP890710-0007 0
77 0 AP890710-0014 0
77 0 AP890714-0042 0
77 0 AP890714-0158 0
77 0 AP890717-0049 1
77 0 AP890717-0150 0
77 0 AP890719-0038 1
77 0 AP890719-0089 0
77 0 AP890719-0242 0
77 0 AP890720-0220 0
77 0 AP890721-0197 0
77 0 AP890722-0056 1
77 0 AP890722-0084 0
77 0 AP890727-0006 1
77 0 AP890727-0092 1
77 0 AP890727-0142 0
77 0 AP890727-0162 0
77 0 AP890727-0171 1
77 0 AP890728-0169 1
77 0 AP890729-0037 1
77 0 AP890729-0083 0
77 0 AP890731-0135 1
77 0 AP890801-0257 0
77 0 AP890803-0163 0
77 0 AP890803-0189 1
77 0 AP890803-0245 0
77 0 AP890805-0064 1
77 0 AP890808-0123 0
77 0 AP890808-0158 0
77 0 AP890810-0029 0
77 0 AP890810-0108 0
77 0 AP890811-0210 0
77 0 AP890811-0241 0
77 0 AP890814-0129 0
77 0 AP890814-0172 0
77 0 AP890815-0010 0
77 0 AP890815-0153 1
77 0 AP890816-0065 0
77 0 AP890816-0220 0
77 0 AP890817-0001 0
77 0 AP890817-0009 0
77 0 AP890818-0197 0
77 0 AP890819-0007 0
77 0 AP890821-0057 0
77 0 AP890821-0078 0
77 0 AP890821-0086 0
77 0 AP890821-0144 0
77 0 AP890822-0093 0
77 0 AP890822-0146 0
77 0 AP890823-0040 0
77 0 AP890823-0134 0
77 0 AP890823-0184 0
77 0 AP890823-0186 0
77 0 AP890824-0035 0
77 0 AP890825-0107 1
77 0 AP890825-0195 0
77 0 AP890828-0022 0
77 0 AP890828-0198 0
77 0 AP890829-0208 0
77 0 AP890830-0009 0
77 0 AP890830-0207 0
77 0 AP890831-0007 0
77 0 AP890831-0097 0
77 0 AP890831-0128 0
77 0 AP890901-0045 0
77 0 AP890901-0067 0
77 0 AP890901-0117 0
77 0 AP890901-0200 0
77 0 AP890901-0247 0
77 0 AP890903-0041 0
77 0 AP890903-0042 0
77 0 AP890907-0229 0
77 0 AP890908-0074 0
77 0 AP890908-0163 0
77 0 AP890910-0008 0
77 0 AP890911-0120 0
77 0 AP890912-0008 0
77 0 AP890913-0112 0
77 0 AP890915-0140 0
77 0 AP890915-0219 0
77 0 AP890915-0225 0
77 0 AP890916-0075 0
77 0 AP890918-0003 0
77 0 AP890918-0188 0
77 0 AP890919-0065 0
77 0 AP890919-0177 0
77 0 AP890920-0073 1
77 0 AP890920-0139 1
77 0 AP890921-0252 0
77 0 AP890925-0297 0
77 0 AP890926-0114 0
77 0 AP890927-0049 0
77 0 AP890928-0223 0
77 0 AP890929-0135 0
77 0 AP890930-0021 0
77 0 AP891006-0034 0
77 0 AP891006-0208 0
77 0 AP891007-0072 0
77 0 AP891009-0023 1
77 0 AP891009-0086 0
77 0 AP891013-0005 0
77 0 AP891016-0178 0
77 0 AP891017-0077 0
77 0 AP891017-0142 1
77 0 AP891018-0050 1
77 0 AP891018-0188 0
77 0 AP891019-0044 0
77 0 AP891019-0121 0
77 0 AP891019-0225 1
77 0 AP891020-0194 0
77 0 AP891025-0077 0
77 0 AP891025-0227 0
77 0 AP891027-0239 1
77 0 AP891030-0229 0
77 0 AP891030-0238 0
77 0 AP891030-0239 1
77 0 AP891030-0254 0
77 0 AP891030-0293 0
77 0 AP891031-0101 0
77 0 AP891031-0121 0
77 0 AP891031-0231 0
77 0 AP891101-0096 0
77 0 AP891106-0179 0
77 0 AP891107-0161 0
77 0 AP891108-0188 0
77 0 AP891109-0022 0
77 0 AP891112-0029 0
77 0 AP891113-0171 0
77 0 AP891114-0214 0
77 0 AP891115-0005 0
77 0 AP891115-0120 0
77 0 AP891115-0137 0
77 0 AP891115-0275 0
77 0 AP891116-0023 0
77 0 AP891117-0034 0
77 0 AP891117-0142 0
77 0 AP891117-0203 1
77 0 AP891118-0037 0
77 0 AP891120-0170 0
77 0 AP891121-0114 0
77 0 AP891121-0243 0
77 0 AP891122-0265 0
77 0 AP891122-0267 0
77 0 AP891122-0275 1
77 0 AP891124-0187 1
77 0 AP891127-0046 0
77 0 AP891127-0111 0
77 0 AP891127-0215 0
77 0 AP891129-0140 0
77 0 AP891130-0050 0
77 0 AP891130-0130 0
77 0 AP891130-0212 0
77 0 AP891201-0065 0
77 0 AP891204-0230 0
77 0 AP891205-0095 0
77 0 AP891205-0231 0
77 0 AP891207-0002 0
77 0 AP891207-0198 0
77 0 AP891208-0226 0
77 0 AP891209-0126 0
77 0 AP891211-0012 0
77 0 AP891211-0195 0
77 0 AP891212-0056 0
77 0 AP891212-0069 0
77 0 AP891213-0053 1
77 0 AP891214-0032 0
77 0 AP891214-0178 0
77 0 AP891214-0187 0
77 0 AP891218-0026 1
77 0 AP891218-0096 0
77 0 AP891218-0212 0
77 0 AP891219-0209 0
77 0 AP891221-0225 0
77 0 AP891222-0200 0
77 0 AP891223-0051 1
77 0 AP891226-0185 0
77 0 AP891227-0017 0
77 0 AP891229-0186 0
77 0 AP891230-0067 0
85 0 AP890101-0060 1
85 0 AP890104-0221 0
85 0 AP890105-0171 0
85 0 AP890106-0013 0
85 0 AP890107-0037 1
85 0 AP890107-0079 1
85 0 AP890107-0095 1
85 0 AP890107-0129 1
85 0 AP890108-0030 1
85 0 AP890109-0151 1
85 0 AP890111-0037 1
85 0 AP890111-0038 1
85 0 AP890111-0040 1
85 0 AP890111-0042 1
85 0 AP890111-0146 0
85 0 AP890111-0158 0
85 0 AP890112-0180 1
85 0 AP890113-0133 1
85 0 AP890116-0144 0
85 0 AP890116-0163 1
85 0 AP890117-0082 1
85 0 AP890117-0138 1
85 0 AP890118-0081 1
85 0 AP890118-0150 0
85 0 AP890118-0177 1
85 0 AP890118-0229 0
85 0 AP890119-0253 0
85 0 AP890120-0071 0
85 0 AP890120-0161 0
85 0 AP890121-0024 0
85 0 AP890121-0118 0
85 0 AP890122-0062 1
85 0 AP890123-0230 0
85 0 AP890124-0233 1
85 0 AP890125-0007 1
85 0 AP890125-0095 0
85 0 AP890125-0123 1
85 0 AP890125-0130 1
85 0 AP890125-0242 0
85 0 AP890125-0265 0
85 0 AP890125-0270 1
85 0 AP890125-0300 0
85 0 AP890126-0027 1
85 0 AP890126-0214 0
85 0 AP890126-0244 1
85 0 AP890127-0050 1
85 0 AP890127-0098 1
85 0 AP890127-0128 1
85 0 AP890127-0219 1
85 0 AP890129-0009 0
85 0 AP890129-0035 1
85 0 AP890130-0084 1
85 0 AP890130-0137 1
85 0 AP890131-0031 1
85 0 AP890131-0078 1
85 0 AP890131-0139 1
85 0 AP890201-0199 1
85 0 AP890202-0267 1
85 0 AP890203-0110 0
85 0 AP890204-0094 0
85 0 AP890206-0225 0
85 0 AP890207-0048 1
85 0 AP890207-0093 0
85 0 AP890207-0119 0
85 0 AP890207-0203 0
85 0 AP890207-0228 1
85 0 AP890208-0012 1
85 0 AP890208-0114 1
85 0 AP890209-0168 1
85 0 AP890209-0241 0
85 0 AP890210-0016 1
85 0 AP890211-0162 0
85 0 AP890212-0015 0
85 0 AP890213-0044 1
85 0 AP890213-0253 0
85 0 AP890215-0020 1
85 0 AP890215-0072 1
85 0 AP890215-0079 1
85 0 AP890216-0265 1
85 0 AP890217-0193 1
85 0 AP890218-0068 0
85 0 AP890218-0086 0
85 0 AP890220-0039 0
85 0 AP890220-0143 1
85 0 AP890221-0042 1
85 0 AP890221-0207 0
85 0 AP890221-0253 0
85 0 AP890221-0294 0
85 0 AP890222-0115 0
85 0 AP890222-0223 0
85 0 AP890223-0032 1
85 0 AP890223-0237 0
85 0 AP890224-0200 1
85 0 AP890227-0010 0
85 0 AP890227-0089 1
85 0 AP890227-0139 0
85 0 AP890228-0122 0
85 0 AP890302-0026 1
85 0 AP890304-0081 1
85 0 AP890305-0001 1
85 0 AP890306-0104 1
85 0 AP890306-0106 1
85 0 AP890306-0140 0
85 0 AP890306-0239 1
85 0 AP890307-0062 1
85 0 AP890308-0117 1
85 0 AP890308-0240 1
85 0 AP890309-0032 0
85 0 AP890309-0098 1
85 0 AP890309-0173 0
85 0 AP890310-0038 0
85 0 AP890310-0056 0
85 0 AP890311-0024 1
85 0 AP890311-0134 0
85 0 AP890313-0117 0
85 0 AP890313-0200 1
85 0 AP890315-0010 1
85 0 AP890315-0078 0
85 0 AP890315-0167 1
85 0 AP890316-0179 1
85 0 AP890317-0019 1
85 0 AP890320-0148 1
85 0 AP890320-0185 0
85 0 AP890322-0180 0
85 0 AP890322-0224 1
85 0 AP890322-0256 1
85 0 AP890322-0280 0
85 0 AP890324-0226 1
85 0 AP890325-0142 1
85 0 AP890327-0062 0
85 0 AP890328-0169 0
85 0 AP890329-0034 1
85 0 AP890329-0087 0
85 0 AP890329-0172 1
85 0 AP890329-0191 0
85 0 AP890401-0001 1
85 0 AP890404-0059 1
85 0 AP890404-0150 1
85 0 AP890407-0165 1
85 0 AP890407-0273 0
85 0 AP890409-0080 0
85 0 AP890410-0010 1
85 0 AP890410-0020 1
85 0 AP890410-0184 0
85 0 AP890410-0261 1
85 0 AP890411-0129 1
85 0 AP890411-0205 1
85 0 AP890412-0081 1
85 0 AP890412-0097 1
85 0 AP890412-0284 0
85 0 AP890413-0055 1
85 0 AP890413-0118 1
85 0 AP890413-0120 1
85 0 AP890413-0136 1
85 0 AP890414-0046 1
85 0 AP890414-0086 1
85 0 AP890414-0097 0
85 0 AP890414-0126 1
85 0 AP890415-0015 1
85 0 AP890417-0021 0
85 0 AP890417-0030 1
85 0 AP890418-0054 1
85 0 AP890418-0134 1
85 0 AP890418-0152 0
85 0 AP890418-0177 0
85 0 AP890418-0252 0
85 0 AP890419-0039 1
85 0 AP890419-0101 0
85 0 AP890419-0142 1
85 0 AP890419-0264 1
85 0 AP890421-0101 1
85 0 AP890421-0156 0
85 0 AP890422-0053 1
85 0 AP890422-0054 1
85 0 AP890422-0076 1
85 0 AP890424-0001 1
85 0 AP890424-0044 0
85 0 AP890424-0153 0
85 0 AP890424-0212 1
85 0 AP890424-0222 0
85 0 AP890425-0026 0
85 0 AP890425-0085 1
85 0 AP890425-0256 1
85 0 AP890425-0261 1
85 0 AP890426-0001 1
85 0 AP890426-0004 0
85 0 AP890426-0144 0
85 0 AP890427-0049 1
85 0 AP890427-0137 1
85 0 AP890429-0040 0
85 0 AP890430-0004 0
85 0 AP890501-0055 0
85 0 AP890501-0193 1
85 0 AP890502-0004 1
85 0 AP890502-0050 0
85 0 AP890503-0005 0
85 0 AP890503-0080 0
85 0 AP890503-0199 1
85 0 AP890503-0248 1
85 0 AP890504-0033 1
85 0 AP890504-0098 1
85 0 AP890505-0038 0
85 0 AP890506-0131 1
85 0 AP890508-0101 0
85 0 AP890509-0021 0
85 0 AP890509-0162 1
85 0 AP890509-0197 1
85 0 AP890510-0066 1
85 0 AP890511-0088 1
85 0 AP890511-0152 0
85 0 AP890512-0080 0
85 0 AP890512-0104 0
85 0 AP890512-0131 1
85 0 AP890512-0200 0
85 0 AP890513-0088 1
85 0 AP890514-0014 0
85 0 AP890515-0006 1
85 0 AP890515-0059 1
85 0 AP890515-0134 1
85 0 AP890515-0143 1
85 0 AP890515-0197 1
85 0 AP890515-0214 0
85 0 AP890516-0002 1
85 0 AP890516-0018 1
85 0 AP890516-0052 1
85 0 AP890516-0072 0
85 0 AP890516-0074 1
85 0 AP890516-0076 0
85 0 AP890516-0083 1
85 0 AP890516-0158 1
85 0 AP890516-0199 0
85 0 AP890517-0050 1
85 0 AP890517-0090 0
85 0 AP890517-0149 1
85 0 AP890517-0174 1
85 0 AP890517-0182 0
85 0 AP890517-0219 0
85 0 AP890518-0050 1
85 0 AP890518-0098 1
85 0 AP890518-0152 1
85 0 AP890518-0169 1
85 0 AP890518-0222 1
85 0 AP890518-0231 0
85 0 AP890519-0131 1
85 0 AP890519-0191 0
85 0 AP890520-0002 0
85 0 AP890520-0017 0
85 0 AP890520-0100 0
85 0 AP890520-0119 1
85 0 AP890522-0041 1
85 0 AP890522-0043 1
85 0 AP890522-0129 1
85 0 AP890523-0051 0
85 0 AP890523-0052 1
85 0 AP890524-0003 1
85 0 AP890524-0098 0
85 0 AP890525-0042 1
85 0 AP890525-0053 1
85 0 AP890525-0103 0
85 0 AP890525-0155 1
85 0 AP890527-0023 1
85 0 AP890528-0005 0
85 0 AP890528-0023 0
85 0 AP890528-0079 0
85 0 AP890529-0056 1
85 0 AP890529-0074 1
85 0 AP890530-0051 0
85 0 AP890530-0221 1
85 0 AP890530-0227 0
85 0 AP890531-0091 0
85 0 AP890531-0106 0
85 0 AP890531-0135 1
85 0 AP890531-0194 0
85 0 AP890531-0200 1
85 0 AP890601-0084 0
85 0 AP890601-0250 1
85 0 AP890602-0112 1
85 0 AP890602-0114 1
85 0 AP890602-0137 1
85 0 AP890602-0156 0
85 0 AP890602-0181 1
85 0 AP890608-0112 0
85 0 AP890608-0138 1
85 0 AP890608-0171 0
85 0 AP890608-0218 1
85 0 AP890609-0066 0
85 0 AP890609-0080 0
85 0 AP890609-0201 1
85 0 AP890612-0020 1
85 0 AP890612-0021 1
85 0 AP890613-0191 1
85 0 AP890614-0034 1
85 0 AP890614-0166 1
85 0 AP890615-0083 1
85 0 AP890615-0143 1
85 0 AP890615-0162 0
85 0 AP890615-0184 1
85 0 AP890615-0203 1
85 0 AP890616-0013 1
85 0 AP890616-0033 0
85 0 AP890616-0066 0
85 0 AP890616-0131 1
85 0 AP890617-0131 1
85 0 AP890619-0015 0
85 0 AP890619-0040 0
85 0 AP890620-0122 1
85 0 AP890621-0008 1
85 0 AP890621-0127 1
85 0 AP890621-0163 0
85 0 AP890622-0021 1
85 0 AP890622-0096 1
85 0 AP890622-0145 1
85 0 AP890622-0148 0
85 0 AP890622-0214 1
85 0 AP890626-0218 0
85 0 AP890626-0233 0
85 0 AP890626-0275 1
85 0 AP890627-0003 0
85 0 AP890627-0039 1
85 0 AP890628-0011 0
85 0 AP890628-0117 1
85 0 AP890629-0223 0
85 0 AP890701-0118 1
85 0 AP890704-0086 1
85 0 AP890704-0108 1
85 0 AP890704-0150 1
85 0 AP890704-0151 1
85 0 AP890704-0152 0
85 0 AP890705-0025 1
85 0 AP890705-0049 1
85 0 AP890705-0089 1
85 0 AP890705-0107 1
85 0 AP890706-0106 0
85 0 AP890706-0115 1
85 0 AP890706-0149 1
85 0 AP890706-0151 1
85 0 AP890706-0181 1
85 0 AP890707-0086 1
85 0 AP890708-0111 0
85 0 AP890709-0024 1
85 0 AP890709-0031 0
85 0 AP890710-0011 1
85 0 AP890710-0012 1
85 0 AP890710-0036 1
85 0 AP890710-0119 1
85 0 AP890710-0215 0
85 0 AP890712-0127 1
85 0 AP890712-0171 1
85 0 AP890713-0126 1
85 0 AP890714-0008 0
85 0 AP890714-0011 1
85 0 AP890714-0093 1
85 0 AP890714-0145 1
85 0 AP890714-0283 1
85 0 AP890714-0288 1
85 0 AP890719-0230 0
85 0 AP890721-0017 1
85 0 AP890721-0044 1
85 0 AP890721-0187 1
85 0 AP890721-0189 1
85 0 AP890723-0020 1
85 0 AP890723-0036 1
85 0 AP890724-0011 0
85 0 AP890724-0033 1
85 0 AP890724-0145 0
85 0 AP890725-0009 0
85 0 AP890725-0065 1
85 0 AP890725-0142 1
85 0 AP890725-0200 1
85 0 AP890726-0038 1
85 0 AP890726-0165 1
85 0 AP890726-0212 1
85 0 AP890726-0213 1
85 0 AP890727-0109 0
85 0 AP890727-0112 1
85 0 AP890727-0117 1
85 0 AP890727-0175 1
85 0 AP890728-0026 1
85 0 AP890728-0062 1
85 0 AP890728-0065 0
85 0 AP890728-0172 1
85 0 AP890728-0202 1
85 0 AP890729-0040 1
85 0 AP890731-0042 1
85 0 AP890731-0089 1
85 0 AP890801-0267 0
85 0 AP890802-0061 0
85 0 AP890802-0095 1
85 0 AP890802-0208 1
85 0 AP890802-0211 0
85 0 AP890803-0093 1
85 0 AP890803-0114 0
85 0 AP890803-0154 0
85 0 AP890803-0266 1
85 0 AP890804-0147 0
85 0 AP890805-0146 0
85 0 AP890807-0114 1
85 0 AP890808-0004 1
85 0 AP890808-0005 1
85 0 AP890808-0018 0
85 0 AP890808-0038 1
85 0 AP890808-0047 1
85 0 AP890808-0102 1
85 0 AP890808-0163 1
85 0 AP890809-0048 0
85 0 AP890809-0070 0
85 0 AP890809-0074 0
85 0 AP890809-0132 0
85 0 AP890815-0064 1
85 0 AP890815-0192 0
85 0 AP890816-0029 0
85 0 AP890816-0035 0
85 0 AP890816-0130 1
85 0 AP890816-0159 1
85 0 AP890817-0158 1
85 0 AP890818-0018 0
85 0 AP890818-0063 1
85 0 AP890819-0056 1
85 0 AP890819-0113 1
85 0 AP890822-0012 0
85 0 AP890822-0077 0
85 0 AP890823-0058 1
85 0 AP890823-0084 1
85 0 AP890824-0132 0
85 0 AP890828-0108 0
85 0 AP890828-0176 1
85 0 AP890828-0200 0
85 0 AP890829-0038 1
85 0 AP890829-0135 1
85 0 AP890830-0062 1
85 0 AP890830-0099 1
85 0 AP890831-0207 1
85 0 AP890901-0165 1
85 0 AP890902-0143 1
85 0 AP890902-0153 0
85 0 AP890904-0008 1
85 0 AP890904-0058 1
85 0 AP890904-0081 1
85 0 AP890905-0116 1
85 0 AP890906-0009 0
85 0 AP890906-0183 1
85 0 AP890907-0064 1
85 0 AP890907-0155 0
85 0 AP890907-0221 1
85 0 AP890908-0120 0
85 0 AP890908-0191 0
85 0 AP890911-0058 1
85 0 AP890911-0083 0
85 0 AP890911-0142 1
85 0 AP890912-0061 1
85 0 AP890912-0178 0
85 0 AP890913-0258 0
85 0 AP890915-0075 1
85 0 AP890916-0096 0
85 0 AP890919-0101 0
85 0 AP890919-0212 0
85 0 AP890920-0055 0
85 0 AP890920-0126 0
85 0 AP890920-0201 1
85 0 AP890921-0154 0
85 0 AP890921-0158 1
85 0 AP890922-0051 0
85 0 AP890922-0136 0
85 0 AP890923-0131 0
85 0 AP890925-0094 0
85 0 AP890926-0194 1
85 0 AP890926-0251 1
85 0 AP890927-0004 1
85 0 AP890927-0023 1
85 0 AP890927-0122 0
85 0 AP890927-0214 1
85 0 AP890928-0222 1
85 0 AP890929-0054 1
85 0 AP890929-0135 0
85 0 AP890929-0173 1
85 0 AP891002-0245 1
85 0 AP891003-0070 1
85 0 AP891003-0103 1
85 0 AP891004-0145 1
85 0 AP891006-0184 1
85 0 AP891011-0147 1
85 0 AP891011-0198 1
85 0 AP891012-0063 1
85 0 AP891012-0183 0
85 0 AP891013-0120 1
85 0 AP891014-0158 0
85 0 AP891016-0034 1
85 0 AP891016-0072 1
85 0 AP891016-0211 0
85 0 AP891017-0042 1
85 0 AP891017-0098 1
85 0 AP891017-0119 1
85 0 AP891018-0153 0
85 0 AP891020-0139 1
85 0 AP891020-0161 1
85 0 AP891020-0162 1
85 0 AP891020-0164 1
85 0 AP891021-0042 1
85 0 AP891021-0148 1
85 0 AP891022-0054 0
85 0 AP891023-0145 1
85 0 AP891024-0019 0
85 0 AP891024-0023 1
85 0 AP891025-0012 0
85 0 AP891025-0083 1
85 0 AP891026-0169 0
85 0 AP891027-0206 1
85 0 AP891027-0271 0
85 0 AP891028-0077 1
85 0 AP891101-0004 0
85 0 AP891101-0045 0
85 0 AP891101-0104 0
85 0 AP891101-0124 0
85 0 AP891102-0118 0
85 0 AP891102-0181 1
85 0 AP891103-0091 1
85 0 AP891104-0006 0
85 0 AP891105-0023 1
85 0 AP891105-0073 0
85 0 AP891106-0134 1
85 0 AP891107-0157 1
85 0 AP891107-0238 1
85 0 AP891108-0137 1
85 0 AP891108-0154 0
85 0 AP891108-0183 0
85 0 AP891108-0295 0
85 0 AP891111-0053 0
85 0 AP891111-0095 1
85 0 AP891113-0219 0
85 0 AP891113-0240 0
85 0 AP891115-0001 1
85 0 AP891116-0088 1
85 0 AP891116-0113 1
85 0 AP891116-0126 1
85 0 AP891118-0071 1
85 0 AP891119-0026 1
85 0 AP891121-0175 1
85 0 AP891121-0193 1
85 0 AP891121-0198 1
85 0 AP891122-0127 1
85 0 AP891123-0158 1
85 0 AP891124-0010 1
85 0 AP891124-0024 1
85 0 AP891124-0105 1
85 0 AP891125-0047 1
85 0 AP891126-0021 0
85 0 AP891126-0023 0
85 0 AP891127-0126 0
85 0 AP891127-0152 0
85 0 AP891128-0039 0
85 0 AP891129-0190 1
85 0 AP891130-0019 1
85 0 AP891202-0057 1
85 0 AP891202-0058 1
85 0 AP891202-0061 1
85 0 AP891202-0128 1
85 0 AP891202-0159 1
85 0 AP891203-0012 1
85 0 AP891203-0015 1
85 0 AP891203-0045 1
85 0 AP891204-0112 1
85 0 AP891204-0135 1
85 0 AP891204-0155 1
85 0 AP891205-0006 1
85 0 AP891205-0163 1
85 0 AP891206-0048 0
85 0 AP891207-0027 1
85 0 AP891207-0148 1
85 0 AP891208-0002 1
85 0 AP891208-0109 1
85 0 AP891209-0030 1
85 0 AP891210-0025 1
85 0 AP891210-0028 1
85 0 AP891210-0065 0
85 0 AP891211-0013 1
85 0 AP891211-0072 1
85 0 AP891211-0199 1
85 0 AP891212-0058 1
85 0 AP891212-0073 1
85 0 AP891212-0086 1
85 0 AP891212-0156 1
85 0 AP891212-0162 1
85 0 AP891213-0055 1
85 0 AP891213-0213 1
85 0 AP891214-0093 1
85 0 AP891214-0108 1
85 0 AP891214-0123 1
85 0 AP891215-0022 1
85 0 AP891215-0079 1
85 0 AP891215-0107 1
85 0 AP891215-0157 1
85 0 AP891215-0225 0
85 0 AP891215-0244 1
85 0 AP891215-0289 1
85 0 AP891216-0074 0
85 0 AP891216-0089 0
85 0 AP891217-0006 1
85 0 AP891217-0036 1
85 0 AP891217-0043 0
85 0 AP891218-0043 1
85 0 AP891218-0177 1
85 0 AP891219-0050 0
85 0 AP891219-0152 0
85 0 AP891220-0065 1
85 0 AP891220-0235 1
85 0 AP891221-0026 1
85 0 AP891221-0045 1
85 0 AP891221-0177 0
85 0 AP891221-0231 0
85 0 AP891223-0018 1
85 0 AP891224-0059 0
85 0 AP891225-0104 1
85 0 AP891226-0067 0
85 0 AP891228-0071 1
87 0 AP890102-0007 0
87 0 AP890104-0023 0
87 0 AP890104-0249 0
87 0 AP890105-0011 0
87 0 AP890110-0167 0
87 0 AP890110-0282 0
87 0 AP890111-0037 0
87 0 AP890111-0042 0
87 0 AP890111-0238 0
87 0 AP890111-0274 0
87 0 AP890112-0026 0
87 0 AP890112-0277 0
87 0 AP890113-0242 0
87 0 AP890114-0152 0
87 0 AP890120-0120 0
87 0 AP890121-0029 0
87 0 AP890123-0235 0
87 0 AP890123-0236 0
87 0 AP890123-0314 0
87 0 AP890125-0256 0
87 0 AP890125-0283 0
87 0 AP890125-0328 0
87 0 AP890126-0214 0
87 0 AP890127-0270 0
87 0 AP890127-0294 0
87 0 AP890127-0299 0
87 0 AP890130-0049 0
87 0 AP890131-0106 0
87 0 AP890131-0258 0
87 0 AP890202-0173 0
87 0 AP890202-0260 0
87 0 AP890202-0302 0
87 0 AP890203-0235 0
87 0 AP890203-0259 0
87 0 AP890204-0141 0
87 0 AP890204-0174 0
87 0 AP890204-0175 0
87 0 AP890204-0176 0
87 0 AP890206-0007 0
87 0 AP890206-0008 0
87 0 AP890206-0131 0
87 0 AP890206-0265 0
87 0 AP890207-0021 0
87 0 AP890207-0028 0
87 0 AP890207-0029 0
87 0 AP890207-0049 0
87 0 AP890207-0258 0
87 0 AP890207-0270 0
87 0 AP890208-0044 0
87 0 AP890208-0261 0
87 0 AP890209-0213 0
87 0 AP890209-0219 0
87 0 AP890210-0033 0
87 0 AP890210-0156 0
87 0 AP890210-0223 0
87 0 AP890210-0260 0
87 0 AP890210-0269 0
87 0 AP890211-0001 0
87 0 AP890212-0097 0
87 0 AP890213-0127 0
87 0 AP890213-0237 0
87 0 AP890213-0265 0
87 0 AP890215-0021 0
87 0 AP890215-0064 0
87 0 AP890216-0191 0
87 0 AP890221-0165 0
87 0 AP890221-0264 0
87 0 AP890223-0242 0
87 0 AP890223-0250 1
87 0 AP890223-0252 0
87 0 AP890223-0295 0
87 0 AP890223-0307 0
87 0 AP890224-0239 0
87 0 AP890224-0268 0
87 0 AP890226-0102 0
87 0 AP890226-0103 0
87 0 AP890227-0073 0
87 0 AP890227-0079 0
87 0 AP890228-0232 0
87 0 AP890301-0179 0
87 0 AP890301-0259 0
87 0 AP890301-0271 0
87 0 AP890302-0264 0
87 0 AP890303-0033 0
87 0 AP890307-0264 1
87 0 AP890309-0013 0
87 0 AP890310-0018 0
87 0 AP890310-0309 0
87 0 AP890313-0205 0
87 0 AP890314-0119 0
87 0 AP890317-0201 0
87 0 AP890320-0283 0
87 0 AP890322-0284 0
87 0 AP890322-0333 0
87 0 AP890323-0017 0
87 0 AP890323-0148 0
87 0 AP890323-0237 0
87 0 AP890323-0239 0
87 0 AP890323-0271 0
87 0 AP890327-0008 0
87 0 AP890327-0169 0
87 0 AP890329-0060 0
87 0 AP890330-0093 0
87 0 AP890330-0203 0
87 0 AP890403-0139 0
87 0 AP890406-0266 0
87 0 AP890406-0268 0
87 0 AP890407-0088 0
87 0 AP890411-0152 0
87 0 AP890412-0197 0
87 0 AP890412-0246 1
87 0 AP890413-0301 0
87 0 AP890414-0033 0
87 0 AP890414-0089 0
87 0 AP890414-0236 0
87 0 AP890414-0271 0
87 0 AP890415-0120 0
87 0 AP890415-0136 0
87 0 AP890418-0311 0
87 0 AP890418-0329 0
87 0 AP890419-0190 0
87 0 AP890420-0013 0
87 0 AP890420-0024 1
87 0 AP890422-0092 0
87 0 AP890424-0107 0
87 0 AP890426-0274 0
87 0 AP890428-0205 0
87 0 AP890428-0212 0
87 0 AP890428-0243 0
87 0 AP890429-0023 0
87 0 AP890501-0265 0
87 0 AP890502-0266 0
87 0 AP890503-0265 0
87 0 AP890506-0041 1
87 0 AP890510-0150 0
87 0 AP890511-0003 1
87 0 AP890511-0036 1
87 0 AP890512-0244 0
87 0 AP890515-0191 0
87 0 AP890518-0172 0
87 0 AP890519-0191 1
87 0 AP890519-0217 0
87 0 AP890520-0015 0
87 0 AP890520-0024 1
87 0 AP890522-0225 0
87 0 AP890523-0063 1
87 0 AP890524-0268 0
87 0 AP890524-0291 0
87 0 AP890602-0019 1
87 0 AP890602-0283 1
87 0 AP890605-0164 0
87 0 AP890606-0104 0
87 0 AP890608-0255 0
87 0 AP890608-0263 0
87 0 AP890608-0293 0
87 0 AP890609-0280 0
87 0 AP890612-0257 0
87 0 AP890613-0127 0
87 0 AP890613-0229 0
87 0 AP890614-0262 0
87 0 AP890615-0243 0
87 0 AP890615-0283 0
87 0 AP890616-0090 0
87 0 AP890616-0254 0
87 0 AP890619-0011 0
87 0 AP890619-0303 1
87 0 AP890621-0278 0
87 0 AP890622-0279 0
87 0 AP890622-0303 0
87 0 AP890628-0036 0
87 0 AP890628-0085 0
87 0 AP890628-0265 0
87 0 AP890629-0271 0
87 0 AP890705-0145 0
87 0 AP890705-0184 0
87 0 AP890705-0212 1
87 0 AP890706-0021 0
87 0 AP890707-0170 0
87 0 AP890712-0284 1
87 0 AP890713-0306 0
87 0 AP890714-0004 1
87 0 AP890714-0076 0
87 0 AP890714-0240 1
87 0 AP890715-0050 0
87 0 AP890721-0202 0
87 0 AP890721-0234 0
87 0 AP890728-0234 0
87 0 AP890728-0299 0
87 0 AP890730-0078 0
87 0 AP890731-0268 0
87 0 AP890801-0217 0
87 0 AP890801-0273 0
87 0 AP890802-0163 0
87 0 AP890802-0211 0
87 0 AP890802-0251 0
87 0 AP890803-0250 0
87 0 AP890803-0257 0
87 0 AP890803-0260 0
87 0 AP890804-0167 0
87 0 AP890806-0077 1
87 0 AP890807-0010 0
87 0 AP890808-0009 0
87 0 AP890809-0263 0
87 0 AP890809-0294 0
87 0 AP890811-0013 0
87 0 AP890811-0014 0
87 0 AP890813-0024 0
87 0 AP890815-0033 0
87 0 AP890815-0092 0
87 0 AP890817-0200 0
87 0 AP890818-0021 0
87 0 AP890819-0027 0
87 0 AP890819-0156 0
87 0 AP890823-0013 0
87 0 AP890823-0243 0
87 0 AP890825-0027 0
87 0 AP890825-0096 0
87 0 AP890825-0223 1
87 0 AP890827-0073 0
87 0 AP890830-0234 0
87 0 AP890831-0059 0
87 0 AP890901-0193 0
87 0 AP890902-0167 0
87 0 AP890905-0241 1
87 0 AP890906-0170 0
87 0 AP890906-0305 1
87 0 AP890907-0282 0
87 0 AP890908-0267 0
87 0 AP890912-0231 0
87 0 AP890912-0236 0
87 0 AP890913-0232 0
87 0 AP890913-0301 0
87 0 AP890914-0024 0
87 0 AP890915-0083 0
87 0 AP890915-0283 0
87 0 AP890916-0166 1
87 0 AP890918-0256 1
87 0 AP890920-0235 0
87 0 AP890920-0239 0
87 0 AP890922-0013 0
87 0 AP890926-0293 0
87 0 AP890927-0122 1
87 0 AP890927-0228 0
87 0 AP890927-0259 0
87 0 AP890927-0267 0
87 0 AP890929-0261 0
87 0 AP890930-0020 0
87 0 AP891004-0273 0
87 0 AP891004-0279 0
87 0 AP891004-0306 0
87 0 AP891009-0056 0
87 0 AP891012-0334 0
87 0 AP891013-0156 1
87 0 AP891013-0174 1
87 0 AP891017-0229 0
87 0 AP891017-0235 0
87 0 AP891017-0241 1
87 0 AP891018-0053 1
87 0 AP891020-0008 0
87 0 AP891024-0108 0
87 0 AP891026-0230 0
87 0 AP891027-0263 0
87 0 AP891104-0027 0
87 0 AP891106-0083 0
87 0 AP891107-0286 1
87 0 AP891108-0025 0
87 0 AP891108-0270 0
87 0 AP891108-0271 0
87 0 AP891109-0085 0
87 0 AP891110-0215 0
87 0 AP891112-0069 0
87 0 AP891112-0082 0
87 0 AP891114-0232 0
87 0 AP891114-0245 0
87 0 AP891114-0271 0
87 0 AP891115-0198 1
87 0 AP891115-0243 0
87 0 AP891115-0261 1
87 0 AP891116-0164 1
87 0 AP891117-0090 0
87 0 AP891117-0217 1
87 0 AP891117-0232 0
87 0 AP891117-0280 0
87 0 AP891118-0084 1
87 0 AP891119-0074 0
87 0 AP891120-0004 1
87 0 AP891120-0023 1
87 0 AP891121-0022 1
87 0 AP891121-0023 1
87 0 AP891122-0246 1
87 0 AP891122-0247 1
87 0 AP891125-0057 0
87 0 AP891127-0251 0
87 0 AP891129-0204 0
87 0 AP891204-0259 1
87 0 AP891205-0205 1
87 0 AP891205-0206 0
87 0 AP891205-0217 0
87 0 AP891205-0227 0
87 0 AP891206-0015 1
87 0 AP891206-0137 0
87 0 AP891206-0215 1
87 0 AP891208-0171 0
87 0 AP891208-0175 1
87 0 AP891208-0241 0
87 0 AP891209-0021 0
87 0 AP891211-0119 1
87 0 AP891213-0142 0
87 0 AP891213-0288 0
87 0 AP891219-0190 0
87 0 AP891219-0197 0
87 0 AP891226-0063 0
87 0 AP891226-0203 0
87 0 AP891226-0208 0
87 0 AP891230-0014 1
89 0 AP890102-0150 0
89 0 AP890102-0151 1
89 0 AP890103-0225 0
89 0 AP890103-0230 1
89 0 AP890104-0281 0
89 0 AP890105-0239 0
89 0 AP890105-0281 0
89 0 AP890109-0293 0
89 0 AP890110-0262 0
89 0 AP890110-0283 0
89 0 AP890111-0254 0
89 0 AP890112-0235 0
89 0 AP890112-0238 0
89 0 AP890112-0241 0
89 0 AP890113-0270 0
89 0 AP890113-0283 0
89 0 AP890114-0037 0
89 0 AP890116-0214 0
89 0 AP890121-0162 0
89 0 AP890124-0278 0
89 0 AP890125-0182 0
89 0 AP890126-0096 0
89 0 AP890126-0183 0
89 0 AP890127-0245 0
89 0 AP890127-0257 0
89 0 AP890127-0260 1
89 0 AP890130-0232 0
89 0 AP890130-0271 0
89 0 AP890131-0268 1
89 0 AP890201-0104 0
89 0 AP890202-0286 0
89 0 AP890203-0276 0
89 0 AP890205-0098 1
89 0 AP890208-0260 1
89 0 AP890215-0256 0
89 0 AP890215-0262 0
89 0 AP890221-0262 0
89 0 AP890221-0263 1
89 0 AP890221-0298 0
89 0 AP890221-0304 0
89 0 AP890222-0232 1
89 0 AP890223-0125 0
89 0 AP890227-0296 0
89 0 AP890303-0164 0
89 0 AP890305-0017 0
89 0 AP890306-0272 0
89 0 AP890307-0213 0
89 0 AP890309-0067 0
89 0 AP890312-0074 0
89 0 AP890315-0203 0
89 0 AP890316-0256 1
89 0 AP890317-0242 0
89 0 AP890322-0207 0
89 0 AP890323-0285 0
89 0 AP890326-0045 0
89 0 AP890326-0068 0
89 0 AP890327-0225 1
89 0 AP890330-0224 1
89 0 AP890330-0229 0
89 0 AP890330-0258 0
89 0 AP890403-0128 0
89 0 AP890406-0090 0
89 0 AP890419-0241 1
89 0 AP890429-0105 0
89 0 AP890501-0236 1
89 0 AP890502-0256 0
89 0 AP890503-0292 0
89 0 AP890509-0265 0
89 0 AP890511-0282 0
89 0 AP890513-0060 0
89 0 AP890513-0103 0
89 0 AP890515-0173 0
89 0 AP890524-0276 1
89 0 AP890524-0305 0
89 0 AP890601-0385 1
89 0 AP890602-0069 1
89 0 AP890602-0230 0
89 0 AP890602-0273 0
89 0 AP890602-0282 1
89 0 AP890603-0044 0
89 0 AP890604-0048 0
89 0 AP890605-0052 1
89 0 AP890605-0091 0
89 0 AP890606-0173 0
89 0 AP890606-0199 0
89 0 AP890607-0221 0
89 0 AP890607-0224 0
89 0 AP890607-0235 0
89 0 AP890607-0249 1
89 0 AP890607-0250 0
89 0 AP890608-0222 0
89 0 AP890608-0250 0
89 0 AP890608-0260 0
89 0 AP890609-0262 0
89 0 AP890609-0269 0
89 0 AP890614-0061 0
89 0 AP890614-0133 0
89 0 AP890618-0085 0
89 0 AP890620-0220 0
89 0 AP890627-0134 0
89 0 AP890627-0152 0
89 0 AP890629-0184 0
89 0 AP890706-0230 0
89 0 AP890710-0134 0
89 0 AP890713-0243 0
89 0 AP890721-0203 0
89 0 AP890727-0237 0
89 0 AP890731-0156 0
89 0 AP890803-0291 0
89 0 AP890808-0190 0
89 0 AP890809-0141 0
89 0 AP890816-0264 0
89 0 AP890905-0206 0
89 0 AP890905-0221 0
89 0 AP890913-0198 0
89 0 AP890916-0095 0
89 0 AP890920-0199 0
89 0 AP890921-0075 0
89 0 AP890921-0263 0
89 0 AP890922-0287 0
89 0 AP890923-0049 0
89 0 AP890923-0061 0
89 0 AP890923-0107 0
89 0 AP890923-0114 0
89 0 AP890924-0085 0
89 0 AP890924-0089 0
89 0 AP890925-0152 0
89 0 AP890925-0252 0
89 0 AP890926-0259 1
89 0 AP890926-0286 0
89 0 AP890927-0194 0
89 0 AP890927-0250 0
89 0 AP890927-0281 0
89 0 AP890928-0276 0
89 0 AP891002-0299 0
89 0 AP891005-0248 0
89 0 AP891005-0290 1
89 0 AP891008-0081 0
89 0 AP891008-0082 0
89 0 AP891008-0084 0
89 0 AP891009-0192 0
89 0 AP891014-0154 0
89 0 AP891025-0277 1
89 0 AP891031-0273 0
89 0 AP891102-0168 0
89 0 AP891103-0267 0
89 0 AP891105-0104 1
89 0 AP891107-0265 1
89 0 AP891115-0104 0
89 0 AP891117-0247 0
89 0 AP891120-0201 0
89 0 AP891121-0222 0
89 0 AP891122-0247 1
89 0 AP891122-0298 0
89 0 AP891123-0165 0
89 0 AP891124-0208 0
89 0 AP891125-0114 0
89 0 AP891126-0083 0
89 0 AP891127-0238 0
89 0 AP891127-0242 0
89 0 AP891127-0244 0
89 0 AP891127-0259 0
89 0 AP891128-0194 0
89 0 AP891128-0217 0
89 0 AP891129-0240 0
89 0 AP891129-0242 0
89 0 AP891129-0256 0
89 0 AP891203-0038 0
89 0 AP891204-0253 0
89 0 AP891206-0196 1
89 0 AP891211-0142 0
91 0 AP890104-0140 0
91 0 AP890105-0045 0
91 0 AP890105-0053 0
91 0 AP890106-0107 0
91 0 AP890107-0073 0
91 0 AP890109-0095 0
91 0 AP890109-0172 0
91 0 AP890110-0020 0
91 0 AP890111-0065 0
91 0 AP890113-0040 1
91 0 AP890114-0067 0
91 0 AP890114-0090 0
91 0 AP890114-0121 0
91 0 AP890122-0014 0
91 0 AP890122-0090 0
91 0 AP890127-0152 0
91 0 AP890129-0019 0
91 0 AP890129-0048 0
91 0 AP890130-0183 0
91 0 AP890131-0051 0
91 0 AP890131-0122 0
91 0 AP890201-0129 0
91 0 AP890202-0096 0
91 0 AP890202-0184 0
91 0 AP890202-0225 0
91 0 AP890203-0016 0
91 0 AP890203-0175 0
91 0 AP890205-0021 0
91 0 AP890207-0223 0
91 0 AP890210-0200 0
91 0 AP890214-0065 0
91 0 AP890216-0149 0
91 0 AP890217-0002 0
91 0 AP890217-0133 0
91 0 AP890221-0205 0
91 0 AP890223-0144 0
91 0 AP890227-0111 0
91 0 AP890301-0084 0
91 0 AP890301-0168 0
91 0 AP890302-0112 0
91 0 AP890302-0130 0
91 0 AP890304-0137 0
91 0 AP890306-0137 0
91 0 AP890307-0154 0
91 0 AP890309-0077 0
91 0 AP890309-0090 0
91 0 AP890310-0016 0
91 0 AP890313-0043 0
91 0 AP890313-0066 0
91 0 AP890314-0040 0
91 0 AP890314-0105 0
91 0 AP890314-0145 0
91 0 AP890314-0172 0
91 0 AP890314-0185 0
91 0 AP890315-0115 0
91 0 AP890317-0028 0
91 0 AP890317-0100 0
91 0 AP890317-0136 0
91 0 AP890318-0152 0
91 0 AP890319-0001 0
91 0 AP890319-0055 0
91 0 AP890319-0089 0
91 0 AP890320-0042 0
91 0 AP890322-0226 0
91 0 AP890323-0139 0
91 0 AP890327-0030 0
91 0 AP890327-0075 0
91 0 AP890327-0099 0
91 0 AP890328-0017 0
91 0 AP890329-0112 0
91 0 AP890401-0121 0
91 0 AP890406-0172 0
91 0 AP890407-0005 0
91 0 AP890407-0097 0
91 0 AP890407-0150 0
91 0 AP890408-0127 0
91 0 AP890409-0050 0
91 0 AP890411-0161 0
91 0 AP890412-0038 0
91 0 AP890414-0149 0
91 0 AP890419-0262 0
91 0 AP890419-0288 0
91 0 AP890420-0080 0
91 0 AP890420-0148 0
91 0 AP890421-0153 0
91 0 AP890422-0006 0
91 0 AP890424-0165 0
91 0 AP890425-0086 0
91 0 AP890425-0308 0
91 0 AP890426-0227 0
91 0 AP890427-0172 0
91 0 AP890501-0027 0
91 0 AP890502-0085 0
91 0 AP890502-0191 0
91 0 AP890502-0311 0
91 0 AP890503-0007 0
91 0 AP890503-0123 0
91 0 AP890503-0179 0
91 0 AP890503-0183 0
91 0 AP890503-0268 0
91 0 AP890504-0101 0
91 0 AP890504-0218 0
91 0 AP890505-0075 0
91 0 AP890505-0119 0
91 0 AP890505-0203 0
91 0 AP890506-0065 0
91 0 AP890506-0074 0
91 0 AP890507-0040 0
91 0 AP890507-0059 0
91 0 AP890508-0218 0
91 0 AP890511-0154 0
91 0 AP890512-0120 0
91 0 AP890513-0063 0
91 0 AP890513-0079 0
91 0 AP890517-0004 0
91 0 AP890517-0195 0
91 0 AP890518-0106 0
91 0 AP890519-0111 0
91 0 AP890519-0121 0
91 0 AP890519-0160 0
91 0 AP890519-0240 0
91 0 AP890522-0347 0
91 0 AP890523-0086 0
91 0 AP890524-0205 0
91 0 AP890525-0218 0
91 0 AP890526-0004 0
91 0 AP890526-0081 0
91 0 AP890527-0062 0
91 0 AP890529-0058 0
91 0 AP890529-0146 0
91 0 AP890530-0004 0
91 0 AP890530-0114 0
91 0 AP890530-0266 0
91 0 AP890531-0082 0
91 0 AP890531-0113 0
91 0 AP890601-0174 0
91 0 AP890602-0050 0
91 0 AP890602-0097 0
91 0 AP890603-0070 0
91 0 AP890605-0021 0
91 0 AP890605-0079 0
91 0 AP890607-0115 0
91 0 AP890609-0171 0
91 0 AP890612-0083 0
91 0 AP890614-0230 0
91 0 AP890614-0273 0
91 0 AP890616-0001 0
91 0 AP890616-0067 0
91 0 AP890616-0154 0
91 0 AP890617-0059 0
91 0 AP890618-0071 0
91 0 AP890619-0290 0
91 0 AP890620-0019 0
91 0 AP890620-0040 0
91 0 AP890620-0201 0
91 0 AP890621-0074 0
91 0 AP890622-0047 0
91 0 AP890629-0160 0
91 0 AP890629-0217 0
91 0 AP890630-0165 0
91 0 AP890701-0041 0
91 0 AP890703-0188 0
91 0 AP890703-0190 0
91 0 AP890704-0027 0
91 0 AP890705-0211 0
91 0 AP890706-0171 0
91 0 AP890706-0206 0
91 0 AP890707-0037 0
91 0 AP890708-0066 0
91 0 AP890708-0094 0
91 0 AP890708-0108 0
91 0 AP890709-0054 0
91 0 AP890711-0046 0
91 0 AP890712-0044 0
91 0 AP890712-0155 0
91 0 AP890713-0113 0
91 0 AP890713-0130 0
91 0 AP890714-0178 0
91 0 AP890714-0205 0
91 0 AP890715-0059 0
91 0 AP890719-0153 0
91 0 AP890720-0102 0
91 0 AP890721-0163 0
91 0 AP890721-0270 0
91 0 AP890723-0006 0
91 0 AP890724-0131 0
91 0 AP890726-0232 0
91 0 AP890726-0292 0
91 0 AP890727-0075 0
91 0 AP890727-0157 0
91 0 AP890727-0218 0
91 0 AP890731-0199 0
91 0 AP890801-0082 0
91 0 AP890801-0087 0
91 0 AP890801-0168 0
91 0 AP890802-0051 0
91 0 AP890807-0003 0
91 0 AP890807-0175 0
91 0 AP890808-0014 0
91 0 AP890808-0016 0
91 0 AP890810-0150 0
91 0 AP890812-0075 0
91 0 AP890812-0090 0
91 0 AP890813-0014 0
91 0 AP890813-0090 0
91 0 AP890814-0062 0
91 0 AP890814-0205 0
91 0 AP890814-0245 0
91 0 AP890815-0249 0
91 0 AP890816-0260 0
91 0 AP890817-0021 0
91 0 AP890817-0185 0
91 0 AP890819-0005 0
91 0 AP890819-0085 0
91 0 AP890819-0105 0
91 0 AP890822-0244 0
91 0 AP890824-0125 0
91 0 AP890825-0137 0
91 0 AP890825-0188 0
91 0 AP890826-0017 0
91 0 AP890828-0015 0
91 0 AP890829-0124 0
91 0 AP890904-0041 0
91 0 AP890905-0003 0
91 0 AP890906-0010 0
91 0 AP890906-0155 0
91 0 AP890907-0060 0
91 0 AP890907-0220 0
91 0 AP890908-0088 0
91 0 AP890910-0011 0
91 0 AP890911-0143 0
91 0 AP890912-0279 0
91 0 AP890913-0048 0
91 0 AP890913-0097 0
91 0 AP890914-0010 0
91 0 AP890914-0188 0
91 0 AP890915-0042 0
91 0 AP890918-0183 0
91 0 AP890920-0136 0
91 0 AP890921-0082 0
91 0 AP890921-0094 0
91 0 AP890921-0095 0
91 0 AP890922-0306 0
91 0 AP890925-0100 0
91 0 AP890926-0125 0
91 0 AP890926-0191 0
91 0 AP890926-0224 0
91 0 AP890926-0268 0
91 0 AP890927-0076 0
91 0 AP890927-0098 0
91 0 AP890927-0136 0
91 0 AP890927-0154 0
91 0 AP890928-0206 0
91 0 AP890930-0109 0
91 0 AP891009-0032 0
91 0 AP891009-0068 0
91 0 AP891012-0016 0
91 0 AP891014-0143 0
91 0 AP891017-0057 0
91 0 AP891018-0127 0
91 0 AP891019-0017 0
91 0 AP891019-0142 0
91 0 AP891019-0167 0
91 0 AP891019-0234 0
91 0 AP891020-0225 0
91 0 AP891020-0274 0
91 0 AP891022-0033 0
91 0 AP891024-0172 0
91 0 AP891024-0230 0
91 0 AP891026-0119 0
91 0 AP891027-0192 0
91 0 AP891031-0212 0
91 0 AP891101-0038 0
91 0 AP891101-0039 0
91 0 AP891101-0257 0
91 0 AP891102-0163 0
91 0 AP891103-0021 0
91 0 AP891103-0045 0
91 0 AP891103-0073 0
91 0 AP891105-0058 0
91 0 AP891105-0101 0
91 0 AP891107-0176 0
91 0 AP891108-0170 0
91 0 AP891109-0129 0
91 0 AP891109-0188 0
91 0 AP891110-0044 0
91 0 AP891110-0049 0
91 0 AP891112-0005 0
91 0 AP891112-0035 0
91 0 AP891113-0137 0
91 0 AP891114-0001 0
91 0 AP891114-0186 0
91 0 AP891114-0191 0
91 0 AP891114-0276 0
91 0 AP891116-0029 0
91 0 AP891120-0025 0
91 0 AP891120-0162 0
91 0 AP891121-0193 0
91 0 AP891121-0251 0
91 0 AP891123-0030 0
91 0 AP891123-0043 0
91 0 AP891124-0007 0
91 0 AP891125-0117 0
91 0 AP891126-0074 0
91 0 AP891127-0025 0
91 0 AP891129-0007 0
91 0 AP891204-0060 0
91 0 AP891204-0198 0
91 0 AP891205-0158 0
91 0 AP891209-0015 0
91 0 AP891213-0237 0
91 0 AP891214-0139 0
91 0 AP891218-0094 0
91 0 AP891218-0187 0
91 0 AP891220-0022 0
91 0 AP891220-0219 0
91 0 AP891221-0078 0
91 0 AP891221-0083 0
91 0 AP891223-0129 0
91 0 AP891224-0028 0
91 0 AP891228-0008 0
91 0 AP891228-0130 0
91 0 AP891230-0068 0
94 0 AP890103-0161 1
94 0 AP890103-0216 1
94 0 AP890104-0217 0
94 0 AP890105-0009 0
94 0 AP890106-0196 0
94 0 AP890107-0037 0
94 0 AP890110-0290 0
94 0 AP890111-0037 1
94 0 AP890111-0042 0
94 0 AP890111-0049 0
94 0 AP890111-0095 0
94 0 AP890111-0277 0
94 0 AP890113-0121 0
94 0 AP890113-0274 0
94 0 AP890115-0019 0
94 0 AP890118-0300 0
94 0 AP890119-0253 0
94 0 AP890119-0296 0
94 0 AP890123-0235 1
94 0 AP890123-0236 1
94 0 AP890123-0328 0
94 0 AP890124-0011 0
94 0 AP890124-0178 0
94 0 AP890124-0257 0
94 0 AP890126-0244 0
94 0 AP890126-0292 0
94 0 AP890127-0242 0
94 0 AP890127-0254 0
94 0 AP890128-0051 0
94 0 AP890129-0035 0
94 0 AP890130-0201 0
94 0 AP890130-0254 0
94 0 AP890131-0106 0
94 0 AP890131-0144 0
94 0 AP890131-0258 0
94 0 AP890131-0290 0
94 0 AP890201-0248 0
94 0 AP890201-0249 0
94 0 AP890201-0251 0
94 0 AP890202-0254 0
94 0 AP890204-0012 0
94 0 AP890206-0098 0
94 0 AP890207-0021 0
94 0 AP890208-0065 1
94 0 AP890208-0196 0
94 0 AP890209-0110 0
94 0 AP890209-0119 0
94 0 AP890209-0241 0
94 0 AP890210-0033 0
94 0 AP890211-0162 0
94 0 AP890211-0172 0
94 0 AP890212-0033 0
94 0 AP890214-0116 0
94 0 AP890214-0249 0
94 0 AP890215-0076 1
94 0 AP890215-0117 0
94 0 AP890216-0264 0
94 0 AP890217-0185 0
94 0 AP890217-0189 0
94 0 AP890217-0193 0
94 0 AP890218-0068 0
94 0 AP890221-0306 0
94 0 AP890222-0203 0
94 0 AP890222-0251 0
94 0 AP890225-0055 0
94 0 AP890227-0083 0
94 0 AP890227-0196 0
94 0 AP890302-0204 1
94 0 AP890302-0264 0
94 0 AP890303-0046 1
94 0 AP890303-0073 1
94 0 AP890303-0120 1
94 0 AP890306-0133 0
94 0 AP890306-0314 0
94 0 AP890309-0098 0
94 0 AP890309-0279 0
94 0 AP890310-0133 1
94 0 AP890310-0279 0
94 0 AP890310-0340 0
94 0 AP890311-0025 0
94 0 AP890311-0134 0
94 0 AP890312-0086 0
94 0 AP890313-0014 0
94 0 AP890313-0243 0
94 0 AP890314-0266 0
94 0 AP890315-0219 0
94 0 AP890316-0129 1
94 0 AP890316-0242 1
94 0 AP890318-0131 0
94 0 AP890319-0080 1
94 0 AP890320-0147 1
94 0 AP890322-0333 0
94 0 AP890323-0019 0
94 0 AP890323-0148 0
94 0 AP890323-0184 1
94 0 AP890323-0237 0
94 0 AP890323-0239 0
94 0 AP890323-0271 0
94 0 AP890324-0187 0
94 0 AP890327-0018 0
94 0 AP890327-0028 0
94 0 AP890327-0071 0
94 0 AP890327-0124 0
94 0 AP890328-0084 0
94 0 AP890329-0034 0
94 0 AP890330-0093 0
94 0 AP890330-0267 0
94 0 AP890401-0001 0
94 0 AP890401-0113 0
94 0 AP890401-0141 0
94 0 AP890401-0143 0
94 0 AP890401-0144 0
94 0 AP890403-0031 0
94 0 AP890403-0045 0
94 0 AP890404-0014 0
94 0 AP890405-0210 0
94 0 AP890405-0245 1
94 0 AP890406-0063 0
94 0 AP890406-0191 0
94 0 AP890407-0184 0
94 0 AP890407-0240 1
94 0 AP890407-0251 0
94 0 AP890408-0002 0
94 0 AP890410-0040 0
94 0 AP890410-0096 0
94 0 AP890410-0107 1
94 0 AP890411-0040 0
94 0 AP890411-0113 1
94 0 AP890413-0136 0
94 0 AP890414-0021 0
94 0 AP890415-0136 0
94 0 AP890417-0111 0
94 0 AP890418-0074 0
94 0 AP890419-0141 0
94 0 AP890419-0224 0
94 0 AP890422-0123 0
94 0 AP890426-0274 0
94 0 AP890427-0007 0
94 0 AP890427-0091 0
94 0 AP890429-0137 0
94 0 AP890430-0044 0
94 0 AP890502-0224 0
94 0 AP890503-0050 0
94 0 AP890505-0020 1
94 0 AP890508-0123 0
94 0 AP890508-0218 1
94 0 AP890508-0264 0
94 0 AP890509-0255 0
94 0 AP890509-0267 0
94 0 AP890511-0003 0
94 0 AP890511-0144 0
94 0 AP890511-0195 1
94 0 AP890516-0031 0
94 0 AP890516-0063 0
94 0 AP890516-0138 0
94 0 AP890516-0263 0
94 0 AP890518-0014 0
94 0 AP890518-0146 0
94 0 AP890520-0024 0
94 0 AP890520-0100 0
94 0 AP890522-0060 0
94 0 AP890522-0328 0
94 0 AP890524-0269 0
94 0 AP890525-0099 1
94 0 AP890525-0201 1
94 0 AP890527-0071 0
94 0 AP890531-0194 0
94 0 AP890531-0256 0
94 0 AP890602-0114 0
94 0 AP890607-0013 0
94 0 AP890607-0143 0
94 0 AP890608-0049 0
94 0 AP890608-0089 0
94 0 AP890608-0263 0
94 0 AP890609-0132 0
94 0 AP890609-0259 0
94 0 AP890612-0246 0
94 0 AP890612-0257 0
94 0 AP890613-0191 0
94 0 AP890613-0229 0
94 0 AP890614-0024 1
94 0 AP890614-0028 0
94 0 AP890614-0060 0
94 0 AP890615-0297 0
94 0 AP890616-0090 0
94 0 AP890616-0192 0
94 0 AP890617-0063 0
94 0 AP890617-0147 0
94 0 AP890620-0215 0
94 0 AP890622-0108 0
94 0 AP890623-0025 0
94 0 AP890626-0074 0
94 0 AP890626-0275 0
94 0 AP890627-0203 0
94 0 AP890627-0206 0
94 0 AP890627-0208 0
94 0 AP890628-0032 0
94 0 AP890628-0043 0
94 0 AP890628-0192 0
94 0 AP890629-0048 0
94 0 AP890629-0105 0
94 0 AP890630-0066 0
94 0 AP890630-0070 0
94 0 AP890630-0104 0
94 0 AP890630-0232 0
94 0 AP890630-0293 0
94 0 AP890702-0068 0
94 0 AP890704-0150 0
94 0 AP890705-0145 0
94 0 AP890705-0212 0
94 0 AP890706-0051 0
94 0 AP890706-0116 0
94 0 AP890707-0127 0
94 0 AP890707-0208 0
94 0 AP890707-0213 0
94 0 AP890710-0011 0
94 0 AP890710-0099 0
94 0 AP890711-0034 0
94 0 AP890711-0218 0
94 0 AP890714-0283 0
94 0 AP890715-0008 0
94 0 AP890718-0050 0
94 0 AP890718-0121 1
94 0 AP890719-0011 1
94 0 AP890719-0285 0
94 0 AP890720-0116 0
94 0 AP890720-0225 0
94 0 AP890720-0231 0
94 0 AP890720-0241 0
94 0 AP890720-0291 0
94 0 AP890721-0018 0
94 0 AP890721-0044 0
94 0 AP890721-0175 0
94 0 AP890723-0028 0
94 0 AP890723-0099 0
94 0 AP890724-0077 0
94 0 AP890726-0058 0
94 0 AP890726-0092 0
94 0 AP890726-0309 0
94 0 AP890727-0061 0
94 0 AP890727-0234 0
94 0 AP890727-0243 0
94 0 AP890728-0064 0
94 0 AP890731-0024 0
94 0 AP890731-0268 0
94 0 AP890801-0217 0
94 0 AP890802-0211 0
94 0 AP890802-0251 0
94 0 AP890803-0052 0
94 0 AP890803-0114 0
94 0 AP890803-0265 0
94 0 AP890803-0314 0
94 0 AP890805-0152 0
94 0 AP890807-0008 0
94 0 AP890808-0189 0
94 0 AP890809-0051 0
94 0 AP890810-0213 0
94 0 AP890810-0224 0
94 0 AP890811-0017 0
94 0 AP890811-0041 0
94 0 AP890811-0045 1
94 0 AP890812-0015 0
94 0 AP890812-0034 0
94 0 AP890815-0199 0
94 0 AP890816-0142 1
94 0 AP890816-0236 0
94 0 AP890817-0112 1
94 0 AP890817-0177 0
94 0 AP890817-0200 0
94 0 AP890819-0156 0
94 0 AP890819-0160 0
94 0 AP890820-0016 0
94 0 AP890822-0032 0
94 0 AP890823-0233 0
94 0 AP890823-0238 0
94 0 AP890823-0243 0
94 0 AP890824-0091 0
94 0 AP890824-0210 0
94 0 AP890824-0215 0
94 0 AP890824-0218 0
94 0 AP890825-0178 0
94 0 AP890828-0001 0
94 0 AP890828-0024 0
94 0 AP890828-0045 0
94 0 AP890830-0084 0
94 0 AP890831-0038 0
94 0 AP890831-0223 0
94 0 AP890902-0167 0
94 0 AP890904-0013 0
94 0 AP890906-0305 0
94 0 AP890907-0162 0
94 0 AP890908-0236 0
94 0 AP890908-0267 0
94 0 AP890911-0287 0
94 0 AP890913-0257 0
94 0 AP890914-0044 0
94 0 AP890914-0095 0
94 0 AP890915-0219 0
94 0 AP890916-0166 0
94 0 AP890919-0211 0
94 0 AP890919-0224 0
94 0 AP890920-0276 0
94 0 AP890921-0006 0
94 0 AP890921-0150 0
94 0 AP890924-0047 0
94 0 AP890926-0264 0
94 0 AP890926-0267 0
94 0 AP890927-0122 0
94 0 AP890927-0231 0
94 0 AP890927-0247 0
94 0 AP890927-0260 0
94 0 AP890927-0290 0
94 0 AP890928-0245 0
94 0 AP890928-0247 0
94 0 AP890930-0020 0
94 0 AP891002-0210 0
94 0 AP891003-0213 0
94 0 AP891004-0248 0
94 0 AP891004-0279 0
94 0 AP891005-0005 0
94 0 AP891005-0207 1
94 0 AP891006-0260 0
94 0 AP891010-0277 0
94 0 AP891011-0147 0
94 0 AP891011-0198 0
94 0 AP891012-0317 0
94 0 AP891012-0327 0
94 0 AP891013-0064 0
94 0 AP891014-0055 0
94 0 AP891014-0145 0
94 0 AP891016-0219 0
94 0 AP891016-0232 0
94 0 AP891017-0243 0
94 0 AP891018-0242 0
94 0 AP891019-0026 0
94 0 AP891019-0286 0
94 0 AP891020-0040 0
94 0 AP891020-0161 0
94 0 AP891020-0164 0
94 0 AP891024-0108 0
94 0 AP891025-0090 0
94 0 AP891029-0038 0
94 0 AP891029-0067 0
94 0 AP891030-0032 0
94 0 AP891031-0055 1
94 0 AP891101-0045 0
94 0 AP891102-0067 0
94 0 AP891103-0163 0
94 0 AP891103-0201 0
94 0 AP891106-0182 0
94 0 AP891107-0299 0
94 0 AP891108-0153 0
94 0 AP891108-0270 0
94 0 AP891108-0271 0
94 0 AP891109-0248 0
94 0 AP891109-0257 0
94 0 AP891109-0265 0
94 0 AP891109-0299 1
94 0 AP891110-0095 0
94 0 AP891112-0042 0
94 0 AP891113-0008 0
94 0 AP891113-0157 0
94 0 AP891115-0290 0
94 0 AP891117-0093 0
94 0 AP891121-0022 0
94 0 AP891121-0044 0
94 0 AP891125-0057 0
94 0 AP891126-0021 0
94 0 AP891126-0046 0
94 0 AP891126-0048 0
94 0 AP891129-0221 0
94 0 AP891129-0292 0
94 0 AP891202-0030 0
94 0 AP891203-0015 0
94 0 AP891204-0071 0
94 0 AP891205-0080 0
94 0 AP891208-0092 0
94 0 AP891208-0241 0
94 0 AP891209-0030 0
94 0 AP891211-0324 0
94 0 AP891212-0200 0
94 0 AP891212-0261 0
94 0 AP891213-0104 0
94 0 AP891213-0288 0
94 0 AP891214-0208 1
94 0 AP891214-0213 0
94 0 AP891214-0226 0
94 0 AP891217-0014 1
94 0 AP891220-0101 0
94 0 AP891221-0027 0
94 0 AP891222-0295 0
94 0 AP891231-0015 0
95 0 AP890103-0216 0
95 0 AP890105-0008 0
95 0 AP890105-0009 0
95 0 AP890105-0073 0
95 0 AP890105-0237 0
95 0 AP890109-0109 0
95 0 AP890110-0008 0
95 0 AP890110-0290 0
95 0 AP890111-0095 0
95 0 AP890113-0121 0
95 0 AP890113-0226 0
95 0 AP890115-0019 0
95 0 AP890118-0029 0
95 0 AP890118-0295 0
95 0 AP890118-0300 0
95 0 AP890119-0168 0
95 0 AP890123-0003 0
95 0 AP890123-0235 0
95 0 AP890123-0236 0
95 0 AP890123-0314 0
95 0 AP890124-0111 0
95 0 AP890124-0178 0
95 0 AP890124-0254 0
95 0 AP890125-0215 0
95 0 AP890126-0216 0
95 0 AP890127-0188 0
95 0 AP890127-0236 0
95 0 AP890127-0254 0
95 0 AP890130-0270 0
95 0 AP890131-0067 0
95 0 AP890208-0065 0
95 0 AP890209-0242 0
95 0 AP890212-0033 1
95 0 AP890213-0014 0
95 0 AP890213-0162 0
95 0 AP890214-0133 0
95 0 AP890214-0197 0
95 0 AP890214-0203 0
95 0 AP890214-0224 0
95 0 AP890214-0231 0
95 0 AP890215-0076 0
95 0 AP890215-0117 0
95 0 AP890216-0102 0
95 0 AP890216-0264 0
95 0 AP890217-0059 0
95 0 AP890217-0193 0
95 0 AP890218-0073 1
95 0 AP890219-0050 0
95 0 AP890221-0072 0
95 0 AP890221-0292 0
95 0 AP890221-0306 0
95 0 AP890227-0088 0
95 0 AP890227-0253 0
95 0 AP890227-0335 0
95 0 AP890303-0046 1
95 0 AP890304-0139 0
95 0 AP890306-0011 0
95 0 AP890311-0126 0
95 0 AP890312-0007 0
95 0 AP890315-0048 0
95 0 AP890315-0134 0
95 0 AP890315-0256 1
95 0 AP890317-0142 0
95 0 AP890320-0018 0
95 0 AP890320-0070 0
95 0 AP890320-0127 0
95 0 AP890320-0146 0
95 0 AP890322-0220 0
95 0 AP890323-0184 0
95 0 AP890325-0142 0
95 0 AP890327-0018 0
95 0 AP890327-0028 1
95 0 AP890327-0034 0
95 0 AP890405-0047 0
95 0 AP890405-0220 0
95 0 AP890405-0245 0
95 0 AP890405-0292 0
95 0 AP890407-0240 0
95 0 AP890408-0002 1
95 0 AP890409-0078 0
95 0 AP890410-0058 0
95 0 AP890410-0254 0
95 0 AP890411-0055 0
95 0 AP890412-0005 0
95 0 AP890412-0109 0
95 0 AP890412-0288 0
95 0 AP890418-0208 0
95 0 AP890419-0179 0
95 0 AP890420-0170 1
95 0 AP890424-0141 0
95 0 AP890424-0240 0
95 0 AP890424-0242 0
95 0 AP890426-0231 0
95 0 AP890427-0142 0
95 0 AP890427-0288 0
95 0 AP890501-0217 0
95 0 AP890504-0170 1
95 0 AP890509-0267 0
95 0 AP890510-0008 0
95 0 AP890510-0275 0
95 0 AP890515-0066 0
95 0 AP890515-0209 0
95 0 AP890516-0263 0
95 0 AP890518-0014 0
95 0 AP890519-0178 0
95 0 AP890520-0024 0
95 0 AP890522-0328 0
95 0 AP890524-0041 0
95 0 AP890524-0315 0
95 0 AP890525-0224 1
95 0 AP890525-0235 0
95 0 AP890531-0007 1
95 0 AP890531-0256 0
95 0 AP890602-0014 0
95 0 AP890604-0031 1
95 0 AP890605-0034 0
95 0 AP890608-0169 0
95 0 AP890608-0263 0
95 0 AP890609-0088 0
95 0 AP890611-0040 1
95 0 AP890612-0037 1
95 0 AP890612-0065 0
95 0 AP890614-0174 0
95 0 AP890616-0090 0
95 0 AP890619-0044 0
95 0 AP890619-0125 0
95 0 AP890620-0215 0
95 0 AP890620-0257 0
95 0 AP890623-0165 0
95 0 AP890628-0054 0
95 0 AP890628-0078 1
95 0 AP890628-0172 0
95 0 AP890629-0105 0
95 0 AP890701-0105 0
95 0 AP890711-0034 0
95 0 AP890711-0254 0
95 0 AP890713-0001 0
95 0 AP890713-0135 0
95 0 AP890713-0180 0
95 0 AP890713-0219 0
95 0 AP890720-0116 0
95 0 AP890720-0231 0
95 0 AP890722-0018 0
95 0 AP890728-0064 1
95 0 AP890728-0159 0
95 0 AP890731-0027 0
95 0 AP890803-0026 1
95 0 AP890803-0265 0
95 0 AP890805-0108 0
95 0 AP890807-0008 0
95 0 AP890810-0103 0
95 0 AP890816-0236 0
95 0 AP890817-0138 0
95 0 AP890823-0105 0
95 0 AP890824-0043 0
95 0 AP890828-0024 0
95 0 AP890831-0101 0
95 0 AP890903-0072 0
95 0 AP890905-0104 0
95 0 AP890907-0232 0
95 0 AP890915-0016 0
95 0 AP890917-0018 0
95 0 AP890919-0224 0
95 0 AP890919-0239 0
95 0 AP890921-0218 1
95 0 AP890922-0020 0
95 0 AP890926-0264 0
95 0 AP890927-0224 0
95 0 AP890928-0087 0
95 0 AP890929-0120 1
95 0 AP890930-0020 0
95 0 AP891003-0213 0
95 0 AP891004-0248 0
95 0 AP891006-0069 0
95 0 AP891010-0274 0
95 0 AP891011-0292 0
95 0 AP891012-0253 1
95 0 AP891012-0281 0
95 0 AP891014-0055 0
95 0 AP891016-0182 0
95 0 AP891016-0202 0
95 0 AP891016-0232 0
95 0 AP891017-0222 0
95 0 AP891017-0243 0
95 0 AP891018-0242 0
95 0 AP891024-0261 0
95 0 AP891027-0045 0
95 0 AP891027-0239 0
95 0 AP891029-0038 0
95 0 AP891030-0195 0
95 0 AP891031-0281 0
95 0 AP891107-0067 0
95 0 AP891113-0008 0
95 0 AP891113-0014 0
95 0 AP891113-0103 0
95 0 AP891114-0012 0
95 0 AP891114-0066 0
95 0 AP891114-0174 0
95 0 AP891114-0259 0
95 0 AP891115-0054 0
95 0 AP891116-0034 0
95 0 AP891116-0194 0
95 0 AP891121-0029 1
95 0 AP891124-0089 0
95 0 AP891125-0057 0
95 0 AP891130-0104 0
95 0 AP891130-0115 0
95 0 AP891204-0067 0
95 0 AP891211-0067 0
95 0 AP891214-0208 0
95 0 AP891217-0014 0
95 0 AP891218-0131 0
95 0 AP891219-0246 0
95 0 AP891220-0101 0
95 0 AP891220-0251 0
95 0 AP891221-0207 0
95 0 AP891224-0070 0
95 0 AP891225-0056 0
95 0 AP891226-0080 0
95 0 AP891226-0093 0
95 0 AP891228-0054 0
98 0 AP890110-0294 1
98 0 AP890127-0238 0
98 0 AP890202-0209 0
98 0 AP890203-0231 0
98 0 AP890206-0255 0
98 0 AP890207-0266 0
98 0 AP890208-0105 0
98 0 AP890214-0046 0
98 0 AP890216-0140 0
98 0 AP890220-0115 1
98 0 AP890227-0326 1
98 0 AP890301-0266 1
98 0 AP890325-0055 0
98 0 AP890414-0016 0
98 0 AP890418-0280 0
98 0 AP890426-0195 1
98 0 AP890502-0236 1
98 0 AP890523-0003 0
98 0 AP890524-0014 0
98 0 AP890614-0252 1
98 0 AP890619-0262 1
98 0 AP891017-0059 0
98 0 AP891102-0273 0
98 0 AP891208-0237 1
100 0 AP890207-0146 1
100 0 AP890210-0044 0
100 0 AP890213-0020 1
100 0 AP890220-0039 1
100 0 AP890222-0030 0
100 0 AP890224-0116 1
100 0 AP890302-0155 0
100 0 AP890304-0061 0
100 0 AP890306-0014 0
100 0 AP890308-0113 0
100 0 AP890320-0177 1
100 0 AP890324-0213 0
100 0 AP890324-0249 0
100 0 AP890413-0159 1
100 0 AP890426-0025 1
100 0 AP890508-0218 1
100 0 AP890508-0219 1
100 0 AP890508-0220 1
100 0 AP890509-0016 1
100 0 AP890517-0286 1
100 0 AP890518-0294 0
100 0 AP890519-0194 0
100 0 AP890524-0083 1
100 0 AP890608-0285 0
100 0 AP890712-0206 1
100 0 AP890716-0013 0
100 0 AP890717-0104 0
100 0 AP890718-0166 1
100 0 AP890718-0289 1
100 0 AP890719-0272 1
100 0 AP890719-0301 1
100 0 AP890722-0023 0
100 0 AP890727-0154 1
100 0 AP890730-0040 0
100 0 AP890815-0021 1
100 0 AP890820-0037 1
100 0 AP890825-0129 0
100 0 AP891005-0161 0
100 0 AP891006-0238 0
100 0 AP891011-0190 1
100 0 AP891012-0012 1
100 0 AP891012-0155 0
100 0 AP891025-0281 1
100 0 AP891026-0083 1
100 0 AP891030-0181 0
100 0 AP891102-0132 0
100 0 AP891107-0018 0
100 0 AP891107-0259 0
100 0 AP891108-0016 1
100 0 AP891124-0188 0
100 0 AP891208-0296 1
100 0 AP891209-0009 1
100 0 AP891212-0267 1
100 0 AP891213-0082 1
100 0 AP891216-0112 0
100 0 AP891216-0154 1